connect-probability	delete-probability	add-probability	n-node	slope	r	p
0.001	0.001	0.001	100	1.536	-0.925	0.0
0.001	0.001	0.01	100	0.568	-0.432	0.0
0.001	0.001	0.1	100	0.171	-0.09	0.0707416
0.001	0.001	0.9	100	-16.272	0.677	1e-07
0.001	0.01	0.001	100	1.68	-0.926	0.0
0.001	0.01	0.01	100	0.321	-0.261	0.0024227
0.001	0.01	0.1	100	0.065	-0.033	0.5096531
0.001	0.01	0.9	100	-16.238	0.667	0.0
0.001	0.1	0.001	100	1.693	-0.916	0.0
0.001	0.1	0.01	100	0.182	-0.135	0.1881964
0.001	0.1	0.1	100	-0.265	0.114	0.0445783
0.001	0.1	0.9	100	-13.69	0.494	1.2e-06
0.001	0.9	0.001	100	3.193	-0.937	0.0006056
0.001	0.9	0.01	100	0.169	-0.068	0.7648946
0.001	0.9	0.1	100	-1.842	0.23	0.0764781
0.001	0.9	0.9	100	-5.175	0.151	0.2273216
0.01	0.001	0.001	100	1.083	-0.835	0.0
0.01	0.001	0.01	100	0.14	-0.121	0.1482932
0.01	0.001	0.1	100	0.17	-0.092	0.0613137
0.01	0.001	0.9	100	-17.076	0.713	0.0
0.01	0.01	0.001	100	1.138	-0.838	0.0
0.01	0.01	0.01	100	0.176	-0.142	0.095383
0.01	0.01	0.1	100	-0.007	0.004	0.943315
0.01	0.01	0.9	100	-14.902	0.582	9e-07
0.01	0.1	0.001	100	1.346	-0.89	0.0
0.01	0.1	0.01	100	-0.107	0.081	0.4248897
0.01	0.1	0.1	100	-0.511	0.21	0.0003268
0.01	0.1	0.9	100	-15.607	0.591	0.0
0.01	0.9	0.001	100	2.879	-0.927	0.0009249
0.01	0.9	0.01	100	0.933	-0.363	0.1053862
0.01	0.9	0.1	100	0.65	-0.081	0.5490694
0.01	0.9	0.9	100	-4.322	0.114	0.3623443
0.1	0.001	0.001	100	0.322	-0.192	0.0122932
0.1	0.001	0.01	100	0.216	-0.121	0.0798015
0.1	0.001	0.1	100	0.022	-0.01	0.8485671
0.1	0.001	0.9	100	-18.673	0.656	1e-07
0.1	0.01	0.001	100	0.588	-0.348	3e-06
0.1	0.01	0.01	100	0.297	-0.153	0.0291941
0.1	0.01	0.1	100	0.014	-0.006	0.9105352
0.1	0.01	0.9	100	-18.316	0.655	0.0
0.1	0.1	0.001	100	0.578	-0.406	7e-07
0.1	0.1	0.01	100	0.588	-0.279	0.0006976
0.1	0.1	0.1	100	-0.085	0.026	0.6761541
0.1	0.1	0.9	100	-16.461	0.564	0.0
0.1	0.9	0.001	100	1.566	-0.873	1e-07
0.1	0.9	0.01	100	1.017	-0.442	0.0114148
0.1	0.9	0.1	100	1.183	-0.148	0.2778299
0.1	0.9	0.9	100	5.171	-0.147	0.239447
0.9	0.001	0.001	100	-1.537	0.095	0.2392945
0.9	0.001	0.01	100	-3.6	0.263	0.0005001
0.9	0.001	0.1	100	-9.194	0.443	0.0
0.9	0.001	0.9	100	-205.88	0.886	0.0
0.9	0.01	0.001	100	-3.425	0.337	1e-07
0.9	0.01	0.01	100	-2.643	0.244	0.0002448
0.9	0.01	0.1	100	-5.788	0.299	0.0001686
0.9	0.01	0.9	100	-112.471	0.716	1.3e-06
0.9	0.1	0.001	100	-0.68	0.24	1.3e-06
0.9	0.1	0.01	100	-0.712	0.242	1.7e-06
0.9	0.1	0.1	100	-0.411	0.07	0.2458226
0.9	0.1	0.9	100	5.856	-0.076	0.5769403
0.9	0.9	0.001	100	0.863	-0.84	0.0
0.9	0.9	0.01	100	0.775	-0.628	1e-07
0.9	0.9	0.1	100	2.674	-0.614	0.0
0.9	0.9	0.9	100	-3.351	0.099	0.4333738
0.001	0.001	0.001	200	1.706	-0.935	0.0
0.001	0.001	0.01	200	0.506	-0.351	0.0001512
0.001	0.001	0.1	200	0.389	-0.238	9e-07
0.001	0.001	0.9	200	-4.473	0.358	0.0013774
0.001	0.01	0.001	200	1.707	-0.916	0.0
0.001	0.01	0.01	200	0.603	-0.409	1.1e-05
0.001	0.01	0.1	200	0.306	-0.193	8.9e-05
0.001	0.01	0.9	200	-5.671	0.484	3.6e-06
0.001	0.1	0.001	200	1.912	-0.915	0.0
0.001	0.1	0.01	200	0.435	-0.28	0.0112557
0.001	0.1	0.1	200	0.01	-0.005	0.9281088
0.001	0.1	0.9	200	-5.662	0.429	5.6e-06
0.001	0.9	0.001	200	2.933	-0.906	0.0049582
0.001	0.9	0.01	200	0.186	-0.079	0.7190638
0.001	0.9	0.1	200	-1.437	0.24	0.0395658
0.001	0.9	0.9	200	-0.181	0.01	0.9188868
0.01	0.001	0.001	200	1.068	-0.802	0.0
0.01	0.001	0.01	200	0.467	-0.324	0.0001498
0.01	0.001	0.1	200	0.241	-0.143	0.0037128
0.01	0.001	0.9	200	-5.483	0.43	0.0001062
0.01	0.01	0.001	200	1.113	-0.817	0.0
0.01	0.01	0.01	200	0.394	-0.282	0.0013106
0.01	0.01	0.1	200	0.343	-0.199	4.14e-05
0.01	0.01	0.9	200	-5.132	0.415	8e-05
0.01	0.1	0.001	200	1.3	-0.836	0.0
0.01	0.1	0.01	200	0.063	-0.044	0.6723522
0.01	0.1	0.1	200	0.089	-0.044	0.4278646
0.01	0.1	0.9	200	-5.618	0.419	1.06e-05
0.01	0.9	0.001	200	2.353	-0.954	5.3e-06
0.01	0.9	0.01	200	-0.644	0.319	0.1281006
0.01	0.9	0.1	200	-1.377	0.215	0.0718033
0.01	0.9	0.9	200	1.161	-0.063	0.5285113
0.1	0.001	0.001	200	-0.069	0.033	0.6788656
0.1	0.001	0.01	200	0.062	-0.028	0.7006275
0.1	0.001	0.1	200	0.158	-0.077	0.1111722
0.1	0.001	0.9	200	-5.389	0.404	0.0002704
0.1	0.01	0.001	200	-0.043	0.021	0.7867006
0.1	0.01	0.01	200	0.113	-0.053	0.4624331
0.1	0.01	0.1	200	0.192	-0.091	0.0645928
0.1	0.01	0.9	200	-7.129	0.524	2e-07
0.1	0.1	0.001	200	0.14	-0.075	0.3679656
0.1	0.1	0.01	200	0.194	-0.075	0.3702114
0.1	0.1	0.1	200	-0.127	0.05	0.3784217
0.1	0.1	0.9	200	-6.836	0.481	3e-07
0.1	0.9	0.001	200	1.123	-0.722	4e-07
0.1	0.9	0.01	200	0.774	-0.433	0.0018802
0.1	0.9	0.1	200	-1.069	0.132	0.3176314
0.1	0.9	0.9	200	1.656	-0.084	0.4057633
0.9	0.001	0.001	200	-1.742	0.108	0.1552979
0.9	0.001	0.01	200	-2.558	0.157	0.0333477
0.9	0.001	0.1	200	-7.225	0.312	0.0001289
0.9	0.001	0.9	200	-93.667	0.645	6.9e-06
0.9	0.01	0.001	200	-5.806	0.463	0.0
0.9	0.01	0.01	200	-4.077	0.306	5e-06
0.9	0.01	0.1	200	-8.122	0.373	2e-06
0.9	0.01	0.9	200	-70.73	0.642	5e-07
0.9	0.1	0.001	200	-0.832	0.27	0.0
0.9	0.1	0.01	200	-0.974	0.296	0.0
0.9	0.1	0.1	200	-0.737	0.123	0.0307341
0.9	0.1	0.9	200	-9.531	0.127	0.3071266
0.9	0.9	0.001	200	0.502	-0.624	0.0
0.9	0.9	0.01	200	0.552	-0.577	0.0
0.9	0.9	0.1	200	1.037	-0.39	4.97e-05
0.9	0.9	0.9	200	0.919	-0.042	0.6770481
0.001	0.001	0.001	400	1.881	-0.895	0.0
0.001	0.001	0.01	400	0.708	-0.482	3e-07
0.001	0.001	0.1	400	0.8	-0.485	0.0
0.001	0.001	0.9	400	-1.254	0.182	0.0784916
0.001	0.01	0.001	400	1.901	-0.91	0.0
0.001	0.01	0.01	400	0.664	-0.45	2e-06
0.001	0.01	0.1	400	0.654	-0.381	0.0
0.001	0.01	0.9	400	-1.554	0.232	0.0164212
0.001	0.1	0.001	400	1.98	-0.901	0.0
0.001	0.1	0.01	400	0.644	-0.389	0.000218
0.001	0.1	0.1	400	0.709	-0.377	0.0
0.001	0.1	0.9	400	-0.609	0.09	0.3516296
0.001	0.9	0.001	400	2.551	-0.902	0.005438
0.001	0.9	0.01	400	0.356	-0.149	0.4675885
0.001	0.9	0.1	400	-0.628	0.149	0.1467374
0.001	0.9	0.9	400	1.277	-0.117	0.1243005
0.01	0.001	0.001	400	0.682	-0.493	0.000239
0.01	0.001	0.01	400	0.327	-0.21	0.0284463
0.01	0.001	0.1	400	0.704	-0.398	0.0
0.01	0.001	0.9	400	-1.362	0.211	0.0471124
0.01	0.01	0.001	400	0.758	-0.513	0.0001172
0.01	0.01	0.01	400	0.432	-0.267	0.0048153
0.01	0.01	0.1	400	0.782	-0.429	0.0
0.01	0.01	0.9	400	-1.464	0.23	0.0178823
0.01	0.1	0.001	400	0.872	-0.571	5.21e-05
0.01	0.1	0.01	400	0.625	-0.333	0.0016433
0.01	0.1	0.1	400	0.622	-0.321	0.0
0.01	0.1	0.9	400	-2.006	0.288	0.0017232
0.01	0.9	0.001	400	2.196	-0.895	2.8e-06
0.01	0.9	0.01	400	0.38	-0.127	0.5187542
0.01	0.9	0.1	400	-0.544	0.111	0.2844217
0.01	0.9	0.9	400	1.195	-0.102	0.1810734
0.1	0.001	0.001	400	0.869	-0.232	0.0091865
0.1	0.001	0.01	400	0.608	-0.159	0.0506373
0.1	0.001	0.1	400	0.696	-0.317	0.0
0.1	0.001	0.9	400	-2.431	0.349	0.0004368
0.1	0.01	0.001	400	0.922	-0.244	0.0061315
0.1	0.01	0.01	400	0.405	-0.106	0.1994119
0.1	0.01	0.1	400	0.82	-0.366	0.0
0.1	0.01	0.9	400	-2.218	0.323	0.0003804
0.1	0.1	0.001	400	0.159	-0.051	0.5667709
0.1	0.1	0.01	400	-0.231	0.055	0.5658006
0.1	0.1	0.1	400	0.651	-0.252	2.9e-06
0.1	0.1	0.9	400	-1.542	0.192	0.0349019
0.1	0.9	0.001	400	0.799	-0.603	1.8e-06
0.1	0.9	0.01	400	0.746	-0.393	0.0008314
0.1	0.9	0.1	400	0.845	-0.09	0.4759044
0.1	0.9	0.9	400	1.445	-0.107	0.1703536
0.9	0.001	0.001	400	-5.127	0.153	0.0852886
0.9	0.001	0.01	400	-7.8	0.223	0.0128495
0.9	0.001	0.1	400	-14.324	0.387	9.8e-06
0.9	0.001	0.9	400	-50.423	0.546	1.1e-05
0.9	0.01	0.001	400	-5.293	0.199	0.01712
0.9	0.01	0.01	400	-3.433	0.12	0.1515139
0.9	0.01	0.1	400	-7.406	0.187	0.0409934
0.9	0.01	0.9	400	-34.373	0.41	0.0004678
0.9	0.1	0.001	400	-1.798	0.43	0.0
0.9	0.1	0.01	400	-2.073	0.481	0.0
0.9	0.1	0.1	400	-2.768	0.393	0.0
0.9	0.1	0.9	400	-16.184	0.196	0.1016817
0.9	0.9	0.001	400	0.254	-0.32	0.0011563
0.9	0.9	0.01	400	0.211	-0.261	0.0052624
0.9	0.9	0.1	400	0.468	-0.251	0.0062743
0.9	0.9	0.9	400	-1.158	0.086	0.2789514
0.001	0.001	0.001	800	1.909	-0.907	0.0
0.001	0.001	0.01	800	0.776	-0.491	4e-07
0.001	0.001	0.1	800	0.996	-0.549	0.0
0.001	0.001	0.9	800	0.259	-0.067	0.4601906
0.001	0.01	0.001	800	1.935	-0.905	0.0
0.001	0.01	0.01	800	0.759	-0.498	3e-07
0.001	0.01	0.1	800	0.889	-0.484	0.0
0.001	0.01	0.9	800	0.606	-0.153	0.071248
0.001	0.1	0.001	800	2.076	-0.909	0.0
0.001	0.1	0.01	800	1.155	-0.645	0.0
0.001	0.1	0.1	800	0.998	-0.489	0.0
0.001	0.1	0.9	800	0.404	-0.105	0.2599869
0.001	0.9	0.001	800	2.832	-0.896	0.0010796
0.001	0.9	0.01	800	0.137	-0.062	0.7264289
0.001	0.9	0.1	800	0.153	-0.043	0.638582
0.001	0.9	0.9	800	0.927	-0.147	0.0264178
0.01	0.001	0.001	800	0.196	-0.112	0.4301947
0.01	0.001	0.01	800	0.713	-0.365	0.0001118
0.01	0.001	0.1	800	0.993	-0.51	0.0
0.01	0.001	0.9	800	0.23	-0.058	0.5222942
0.01	0.01	0.001	800	0.065	-0.038	0.7915172
0.01	0.01	0.01	800	0.585	-0.311	0.0016351
0.01	0.01	0.1	800	1.047	-0.533	0.0
0.01	0.01	0.9	800	0.231	-0.058	0.4971525
0.01	0.1	0.001	800	0.348	-0.193	0.1928698
0.01	0.1	0.01	800	0.776	-0.376	0.0004319
0.01	0.1	0.1	800	1.254	-0.602	0.0
0.01	0.1	0.9	800	0.27	-0.065	0.468714
0.01	0.9	0.001	800	1.591	-0.788	2.21e-05
0.01	0.9	0.01	800	0.623	-0.173	0.3618569
0.01	0.9	0.1	800	0.096	-0.024	0.7921915
0.01	0.9	0.9	800	1.032	-0.156	0.0179536
0.1	0.001	0.001	800	0.354	-0.065	0.4677362
0.1	0.001	0.01	800	0.422	-0.085	0.3066854
0.1	0.001	0.1	800	1.363	-0.496	0.0
0.1	0.001	0.9	800	-0.578	0.138	0.1058376
0.1	0.01	0.001	800	0.406	-0.075	0.4105045
0.1	0.01	0.01	800	0.797	-0.153	0.0699989
0.1	0.01	0.1	800	1.236	-0.463	0.0
0.1	0.01	0.9	800	-0.129	0.03	0.7133395
0.1	0.1	0.001	800	0.033	-0.007	0.931638
0.1	0.1	0.01	800	0.161	-0.027	0.7707943
0.1	0.1	0.1	800	1.433	-0.495	0.0
0.1	0.1	0.9	800	-0.026	0.005	0.9493478
0.1	0.9	0.001	800	0.492	-0.436	0.000117
0.1	0.9	0.01	800	0.361	-0.215	0.0454999
0.1	0.9	0.1	800	-0.722	0.067	0.5700952
0.1	0.9	0.9	800	1.29	-0.177	0.0078032
0.9	0.001	0.001	800	-4.544	0.091	0.2987073
0.9	0.001	0.01	800	-11.519	0.223	0.0120343
0.9	0.001	0.1	800	-16.033	0.318	0.0001833
0.9	0.001	0.9	800	-25.268	0.418	0.0001906
0.9	0.01	0.001	800	-6.017	0.161	0.0480791
0.9	0.01	0.01	800	-4.159	0.107	0.2018312
0.9	0.01	0.1	800	-14.709	0.268	0.0027305
0.9	0.01	0.9	800	-18.657	0.309	0.0032519
0.9	0.1	0.001	800	-3.431	0.466	0.0
0.9	0.1	0.01	800	-3.806	0.516	0.0
0.9	0.1	0.1	800	-4.821	0.477	0.0
0.9	0.1	0.9	800	-12.651	0.133	0.2559661
0.9	0.9	0.001	800	0.11	-0.171	0.0508633
0.9	0.9	0.01	800	-0.013	0.016	0.8432125
0.9	0.9	0.1	800	0.0	-0.0	0.9983611
0.9	0.9	0.9	800	-0.866	0.111	0.0872723
